1 3 11 110 62 22 4 0 43 21 22 18 6 28 64 9 11 1 0 0 1 40 101 21 20 2 4 2 2 9 18 35 1 1 7 25 108 116 63 2 0 0 11 74 40 101 116 3 33 1 1 11 14 18 116 116 68 12 5 4 2 2 9 102 17 3 10 18 8 15 67 63 15 0 14 116 80 0 2 22 96 37 28 88 43 1 4 18 116 51 5 11 32 14 8 23 44 17 12 9 0 0 19 37 85 18 16 104 22 6 2 26 12 58 67 82 25 12 2 2 25 18 8 2 19 42 48 11 
40 25 11 0 22 31 6 8 10 3 0 1 30 91 88 18 38 44 16 1 5 25 70 36 1 22 10 7 10 40 61 1 60 9 8 4 111 45 21 45 9 1 1 14 111 111 70 26 95 13 3 2 3 39 111 111 20 3 11 11 1 32 70 22 48 8 9 25 60 26 14 37 4 5 65 110 111 31 1 0 101 78 84 34 4 2 2 29 33 44 25 22 2 0 4 18 54 51 24 21 12 18 5 6 11 17 100 65 50 92 37 14 23 77 95 9 3 14 60 40 4 30 23 32 10 3 19 13 
28 4 3 6 7 2 2 18 19 37 111 16 10 2 6 42 6 7 114 33 16 19 10 18 5 6 73 9 3 3 0 7 103 6 1 1 2 2 1 60 141 98 139 19 0 0 3 73 7 27 141 72 0 4 15 12 0 10 141 88 2 2 7 6 100 43 7 5 1 0 0 19 141 76 0 0 0 7 19 76 14 3 2 2 0 18 114 49 0 1 3 12 6 5 52 50 61 64 21 13 0 0 0 3 86 60 0 0 6 28 24 18 1 0 0 0 7 41 59 17 0 0 0 0 0 2 54 47 
24 12 14 8 3 12 4 8 8 12 20 17 8 67 66 8 8 8 1 0 0 18 119 32 12 4 7 8 1 18 70 20 18 35 23 25 103 34 4 5 1 1 4 29 119 119 77 6 72 7 5 2 0 14 119 60 119 12 8 3 0 1 18 38 7 6 8 27 84 53 22 6 0 6 60 119 104 11 0 0 42 104 119 25 0 0 0 7 119 98 23 0 5 20 6 11 6 7 14 7 6 6 12 25 4 7 68 91 2 0 1 8 3 87 97 17 4 30 8 0 1 39 15 0 14 103 16 0 
0 4 47 20 9 2 1 0 41 42 80 2 0 0 2 1 56 42 27 31 10 0 0 0 5 0 3 40 17 0 2 12 8 22 112 21 2 4 39 39 52 126 128 35 0 0 3 46 15 25 127 128 11 0 0 1 1 0 11 123 51 2 2 4 49 4 0 0 37 27 38 59 128 25 6 10 1 7 7 128 24 1 7 92 69 106 9 23 0 0 7 84 37 54 42 4 65 18 4 5 18 10 0 2 128 29 0 0 6 25 10 28 8 0 0 0 47 128 21 6 0 0 0 0 8 69 45 2 
16 52 32 13 2 6 34 49 45 83 6 2 26 57 14 46 19 9 4 13 53 104 33 11 25 19 30 10 7 2 8 7 25 1 2 25 24 28 61 83 41 9 14 3 7 114 114 114 114 5 5 1 5 114 73 75 106 3 5 6 6 8 15 45 2 15 7 114 103 6 5 4 9 67 47 22 32 27 41 10 114 36 43 42 23 9 7 30 114 19 7 5 6 6 21 48 2 1 0 8 114 13 0 1 53 83 14 8 16 12 16 20 27 87 45 50 15 5 5 6 32 49 21 7 5 0 5 8 
21 17 52 17 17 10 10 8 25 12 16 15 32 77 120 38 43 5 21 36 40 17 34 78 23 4 1 12 30 16 20 41 1 0 3 4 57 79 108 14 36 0 0 12 120 120 84 40 120 6 0 32 22 8 44 120 46 27 2 31 22 4 23 21 12 8 13 11 28 40 30 3 34 33 68 120 32 16 4 2 120 104 17 19 0 0 9 33 44 49 1 2 7 11 10 20 65 16 10 3 0 3 1 10 112 35 85 120 21 0 2 38 34 51 62 73 11 0 1 1 21 31 6 8 8 1 2 9 
3 1 0 1 1 1 0 2 11 15 12 12 5 1 0 6 128 80 54 14 0 0 0 12 34 10 100 107 0 0 0 4 6 4 10 4 0 0 0 9 11 4 7 23 5 0 3 30 128 8 1 3 3 0 1 128 124 9 27 58 2 2 2 40 7 48 122 20 0 0 0 2 2 6 128 80 4 0 1 4 128 52 128 42 3 1 0 45 128 31 14 22 9 1 8 40 44 50 34 1 0 0 0 3 26 60 128 31 0 0 1 1 14 32 128 65 16 6 4 1 36 20 12 5 11 25 51 15 
1 12 4 2 41 40 19 5 3 30 29 22 13 3 0 0 1 5 27 54 36 4 6 10 49 0 0 6 11 3 10 60 101 18 1 1 5 12 34 43 62 108 66 13 0 0 4 8 4 49 122 122 32 6 7 0 74 8 8 122 45 5 2 43 122 26 3 4 8 1 3 17 122 75 7 0 2 33 40 73 12 17 27 38 38 122 122 13 38 26 17 74 58 56 57 23 16 28 5 3 11 21 9 12 14 1 1 0 7 32 81 90 8 3 12 13 93 97 61 18 99 9 8 4 9 6 17 50 
0 11 77 24 3 0 0 0 28 70 125 8 0 0 0 0 44 35 50 45 9 0 0 0 4 0 4 56 18 0 3 9 16 17 59 10 10 8 57 57 100 105 125 41 1 0 6 92 8 14 73 125 29 7 0 5 0 0 8 124 66 6 3 1 63 5 0 1 49 32 17 35 125 21 0 3 2 12 6 109 21 0 0 35 74 125 14 23 0 0 6 50 25 70 64 7 59 18 7 16 22 5 0 1 125 23 1 0 7 30 14 32 4 0 2 2 59 125 19 4 0 0 2 1 6 53 33 2 
7 4 5 11 2 2 41 98 10 68 30 10 12 91 38 32 39 35 5 3 22 112 24 19 89 46 0 0 6 29 6 15 14 10 45 35 9 5 42 91 8 3 13 5 7 112 112 52 112 23 10 0 2 47 48 108 112 21 0 3 103 106 2 30 0 3 45 87 77 5 1 0 0 37 105 37 17 4 10 0 112 64 69 11 0 0 1 16 112 14 2 21 112 20 0 21 12 13 20 11 40 23 3 2 3 43 62 22 27 0 0 0 25 42 45 18 5 0 1 9 29 10 0 13 31 5 2 20 
50 43 9 1 0 1 10 33 19 40 118 23 0 11 65 16 17 54 112 23 6 4 23 16 1 6 41 52 14 4 0 1 118 42 4 0 1 0 0 39 118 50 112 16 1 3 10 29 1 16 93 53 76 15 15 1 3 2 8 21 106 27 3 12 118 22 0 0 0 0 1 79 118 10 3 6 7 30 84 113 2 0 1 12 54 62 118 25 3 0 0 17 110 29 27 17 49 8 1 0 0 0 1 34 81 12 6 10 18 29 83 76 25 2 2 12 61 58 77 26 38 12 0 17 13 1 9 20 
1 1 6 4 46 103 10 4 40 21 7 0 2 17 64 73 68 21 0 0 0 18 118 64 58 8 0 5 12 18 17 48 0 5 38 41 68 43 2 0 8 12 38 6 23 118 66 19 118 22 5 0 0 10 75 118 81 12 1 2 14 29 27 46 2 13 49 53 103 43 2 0 2 76 118 25 48 85 7 1 81 118 118 5 0 2 7 38 57 80 10 2 4 2 4 28 23 20 45 16 21 5 9 11 2 28 118 31 1 3 9 1 2 81 83 9 9 18 16 4 8 26 10 1 5 8 15 9 
9 1 0 2 39 29 11 15 12 3 0 1 21 79 85 31 17 21 9 23 26 20 17 35 2 0 0 16 20 0 25 29 32 0 0 6 78 50 9 30 8 3 6 23 109 108 88 37 116 19 4 18 17 6 38 116 15 2 0 55 69 0 7 14 90 23 9 27 38 8 6 60 10 21 115 116 69 5 1 2 116 116 70 17 1 0 0 9 23 20 27 77 24 0 0 0 31 71 81 18 0 0 0 1 5 35 116 68 0 0 0 0 7 116 116 18 1 0 1 0 1 40 54 54 17 0 0 0 
12 6 1 14 57 18 7 13 120 19 0 10 47 7 5 25 62 15 20 30 32 12 0 14 9 33 10 8 24 21 0 1 33 55 33 38 41 53 25 9 118 120 37 32 37 13 9 18 69 27 13 7 31 41 7 8 11 8 6 8 63 61 7 3 93 10 2 0 12 120 69 65 120 29 4 0 6 23 120 120 16 6 2 0 10 120 120 46 25 19 13 6 29 40 64 72 39 2 1 0 6 37 4 36 63 27 10 2 0 16 73 73 16 28 51 32 10 67 60 17 86 18 4 1 5 4 8 58 
15 17 36 40 0 0 4 11 14 116 65 6 4 3 8 9 57 45 89 47 1 0 2 25 25 0 2 18 39 57 8 30 61 78 51 37 2 0 3 24 48 116 116 17 0 0 0 1 4 27 116 116 24 0 1 1 0 4 24 116 93 22 5 3 116 46 6 11 12 10 10 73 114 39 24 10 5 20 58 71 0 9 30 55 27 50 74 1 0 16 42 116 61 18 4 0 40 20 2 0 0 5 6 54 99 15 4 8 5 4 12 107 13 77 49 13 5 8 19 5 5 37 41 47 8 6 15 7 
18 38 20 5 14 8 15 7 24 26 5 1 6 49 81 30 41 12 4 3 2 40 83 24 62 38 5 8 3 3 11 19 0 11 19 40 39 110 19 4 20 26 18 14 26 117 84 26 117 49 3 0 0 28 103 90 117 76 12 11 4 29 22 109 2 13 26 39 56 95 20 3 10 65 117 37 11 46 4 1 73 50 78 46 7 0 4 46 117 9 15 7 8 27 15 108 16 25 20 18 10 8 1 8 12 42 101 14 3 4 26 12 23 42 105 61 7 6 12 11 36 19 48 18 9 11 4 11 
1 21 20 28 21 24 25 6 2 54 40 2 18 119 64 10 8 13 13 6 4 32 119 119 8 14 8 1 0 38 77 28 1 2 0 8 29 103 96 37 1 3 13 22 34 119 91 11 71 23 12 3 7 39 65 119 110 45 11 9 13 30 64 46 11 7 25 46 42 15 21 44 8 16 70 115 43 14 4 6 70 119 48 15 5 2 5 12 119 34 10 29 13 6 12 31 2 20 76 44 5 1 0 0 4 35 65 105 24 2 1 0 11 55 30 23 25 10 5 2 37 2 0 1 10 6 12 13 
16 15 5 6 16 22 5 3 6 12 50 62 35 5 0 1 7 11 43 42 54 19 4 0 41 5 2 7 36 31 42 33 64 35 1 3 14 22 11 39 62 38 43 58 10 3 15 23 0 2 46 113 113 12 7 1 59 17 12 32 113 7 2 26 59 17 1 4 8 42 78 65 52 5 1 1 6 78 113 97 2 0 0 17 113 113 113 26 40 33 30 16 70 51 5 18 19 0 1 0 2 24 29 53 9 7 12 1 9 100 113 45 20 51 21 5 12 93 103 6 92 105 8 4 1 16 5 7 
3 0 0 0 24 67 30 31 1 0 2 8 42 68 103 77 10 2 1 9 22 17 89 71 21 3 3 0 0 0 8 39 0 0 0 46 68 71 46 31 6 4 0 10 77 113 76 30 113 20 0 5 25 29 109 113 108 12 3 8 17 10 11 59 33 8 11 113 71 6 4 10 16 38 38 113 51 8 5 2 113 112 31 75 20 1 0 2 95 60 0 23 33 11 5 4 17 4 3 65 20 0 2 5 8 16 34 93 49 2 1 10 56 49 56 39 2 17 13 21 25 14 0 2 43 16 19 23 
15 13 11 15 1 0 2 22 9 50 106 19 0 0 5 4 5 19 85 75 0 0 3 13 71 56 9 8 0 0 0 10 100 46 17 4 0 0 9 32 127 127 127 9 0 0 0 1 4 23 127 127 0 0 0 0 44 75 105 59 0 0 0 4 127 34 14 12 0 0 0 71 127 55 10 1 0 0 0 46 24 5 76 25 0 0 3 32 1 5 80 61 0 0 1 6 61 6 20 22 1 0 0 38 127 4 5 0 0 0 0 127 11 0 0 0 0 0 11 59 0 0 3 4 0 0 7 28 
6 7 0 0 0 0 0 0 14 102 41 0 0 0 0 0 7 45 84 52 1 0 0 1 3 23 6 20 1 0 1 2 64 11 0 1 1 0 0 3 135 135 50 5 0 0 0 19 22 57 90 135 49 2 0 6 37 94 15 101 24 0 0 8 61 1 0 2 2 1 0 10 135 4 0 0 0 1 29 135 26 1 0 42 35 102 135 60 17 8 1 41 28 78 81 28 7 0 3 2 1 4 2 12 27 4 3 0 0 3 55 118 1 5 5 0 0 65 135 23 0 5 3 0 0 27 53 3 
20 22 2 0 4 4 1 0 24 71 108 50 1 0 0 0 6 37 96 74 5 3 0 2 4 15 17 16 29 26 2 2 102 32 17 12 0 0 0 13 120 75 53 43 0 0 1 56 4 5 117 120 112 36 2 1 1 1 3 50 120 30 0 0 46 4 21 97 57 12 1 29 120 3 0 2 6 29 113 120 5 1 0 0 74 120 120 10 0 0 0 7 66 62 5 0 3 1 1 7 44 67 13 7 1 2 2 2 6 17 70 26 3 2 0 1 0 29 71 6 1 0 0 0 2 8 5 2 
1 9 11 6 0 0 0 0 3 43 90 4 0 0 2 9 24 8 108 20 0 0 27 71 2 0 19 18 0 0 101 61 71 37 7 8 4 0 0 2 133 133 133 9 0 0 0 11 1 11 133 102 0 0 0 0 0 0 78 133 16 0 7 3 89 5 1 5 3 0 0 10 133 5 1 1 0 1 0 65 12 0 11 17 2 18 25 4 0 0 5 61 82 42 17 0 43 4 1 3 0 0 0 1 133 5 0 0 2 39 5 23 10 0 0 0 3 133 97 10 0 0 0 0 8 79 70 8 
7 9 1 4 5 0 1 3 38 117 60 2 0 0 1 11 60 109 59 32 1 1 6 26 12 22 7 69 46 20 14 21 72 41 6 25 24 0 0 4 130 130 71 7 0 0 0 45 8 32 85 130 15 3 6 12 0 8 21 78 80 28 11 9 47 11 6 11 10 4 2 14 130 5 0 0 0 9 109 130 10 0 0 22 18 56 130 25 9 8 12 39 36 25 88 19 2 0 0 0 11 18 11 8 12 0 0 0 0 7 101 57 10 0 0 0 0 10 119 32 89 19 3 0 0 0 32 25 
0 1 31 38 6 2 0 0 0 33 93 5 2 3 0 0 0 29 110 47 23 2 0 0 2 3 3 22 27 2 0 0 11 11 48 28 8 31 32 85 26 88 120 1 0 0 0 66 1 40 82 58 120 17 0 0 2 47 20 28 120 5 0 0 33 7 2 0 0 12 10 71 120 7 0 0 3 2 1 120 20 2 0 1 120 80 0 6 102 120 20 3 87 23 0 0 23 5 0 0 0 0 0 13 98 5 0 0 0 18 29 91 25 7 2 0 60 120 30 12 120 37 0 0 14 17 0 0 
52 33 2 0 0 0 0 1 56 81 115 56 0 0 0 2 43 97 66 56 0 0 0 4 39 52 4 2 4 7 5 12 136 8 0 0 0 0 0 20 137 38 37 58 0 1 5 55 21 13 89 137 19 9 18 10 19 2 6 22 22 20 36 37 93 9 0 0 0 0 0 12 137 1 1 1 0 18 121 137 3 0 4 22 21 76 137 11 0 0 0 9 30 118 79 20 17 7 0 0 0 0 0 6 17 0 0 0 0 12 64 38 3 0 0 0 0 24 101 4 1 3 6 1 2 23 22 3 
0 17 17 11 30 1 0 0 0 74 124 2 3 0 0 0 0 22 124 20 0 0 0 0 0 5 42 37 2 0 0 0 51 78 26 10 5 0 0 8 108 124 124 4 0 0 0 30 7 13 124 93 103 8 0 2 6 38 73 63 67 3 0 0 56 6 1 0 0 2 5 35 124 2 0 0 0 3 9 124 21 2 1 5 124 70 13 31 60 42 5 3 61 16 0 0 12 7 0 0 0 20 30 18 124 52 0 0 1 4 14 96 38 8 0 0 77 76 7 15 58 6 0 0 15 13 1 8 
19 14 14 5 1 0 0 0 50 39 98 101 0 0 0 2 44 11 86 116 0 0 0 40 51 14 18 0 0 2 10 71 57 3 0 0 1 0 0 4 134 35 34 46 0 0 0 14 22 16 134 134 9 19 2 0 20 17 94 21 20 38 5 8 54 2 0 0 2 0 0 8 134 15 0 0 0 25 52 68 21 1 7 9 8 134 134 12 0 0 1 2 11 96 80 18 7 0 0 0 3 6 5 9 18 0 0 0 0 40 111 54 0 0 0 0 0 101 113 4 0 0 0 0 0 8 50 31 
52 15 18 10 0 1 0 10 15 19 134 73 1 0 0 1 1 25 134 10 0 0 0 0 0 11 130 23 0 0 0 0 134 16 10 4 1 0 0 69 134 40 134 32 0 0 0 104 1 19 134 9 0 0 0 3 0 11 134 71 22 0 1 0 102 64 6 9 0 0 0 16 134 62 0 0 0 0 0 76 11 0 1 0 0 0 2 30 0 0 0 15 64 3 1 1 89 19 1 32 4 0 0 10 134 30 7 9 0 0 0 36 5 1 8 14 0 0 4 58 2 0 0 7 14 0 2 9 
24 58 106 19 2 2 5 6 2 39 125 63 2 1 4 1 2 43 111 118 69 0 0 0 10 1 0 26 39 0 0 6 57 18 9 6 2 10 72 100 79 52 34 17 2 8 41 39 30 29 18 75 125 49 9 2 28 26 7 27 125 11 0 6 87 11 0 0 0 0 38 58 81 33 0 0 0 60 125 66 8 7 0 2 84 125 125 0 74 7 0 2 71 42 0 31 8 0 0 0 0 1 41 18 2 2 0 0 0 20 97 14 2 4 1 6 11 26 31 1 15 0 0 10 20 2 0 11 
41 19 6 51 35 1 2 7 0 7 46 73 32 0 0 0 2 11 111 17 2 0 0 0 68 41 40 4 0 8 4 2 63 13 3 11 19 9 90 95 51 81 110 26 18 3 15 17 1 31 117 10 16 75 10 0 8 26 55 5 2 117 36 0 97 9 0 0 4 8 36 68 100 17 0 0 7 13 91 117 9 1 0 0 101 117 17 11 0 0 0 0 13 117 21 1 3 0 0 0 0 0 19 19 117 0 0 0 11 9 42 99 28 0 0 0 117 106 9 23 1 0 0 0 9 30 2 1 
1 16 1 0 0 0 0 0 0 77 50 0 0 0 0 0 0 51 93 39 7 0 0 0 1 21 23 29 5 0 0 0 72 103 4 0 0 0 0 2 33 119 119 17 2 0 2 6 8 70 61 42 111 36 0 0 38 83 51 49 32 11 0 0 117 27 0 0 0 0 17 69 82 24 20 12 17 29 52 119 44 8 11 9 119 119 11 20 119 40 12 31 22 6 1 25 8 0 0 0 0 0 8 27 46 0 0 0 4 45 47 116 28 0 0 0 14 119 37 37 119 0 0 2 2 0 3 68 
19 0 0 0 14 30 54 72 2 0 0 0 0 20 124 31 0 0 0 9 9 26 124 34 0 0 0 1 3 36 83 0 2 27 45 8 38 42 45 23 6 10 31 28 7 17 124 16 33 91 67 4 0 7 123 31 0 11 124 29 0 16 71 0 31 113 61 52 42 7 0 0 25 7 28 73 123 2 0 4 124 75 41 2 1 0 0 49 24 14 118 34 3 0 0 3 24 28 0 9 64 10 0 0 8 0 0 20 124 23 0 2 124 0 0 0 5 0 1 72 39 0 0 1 2 0 3 21 
80 60 13 0 0 0 0 17 36 67 106 59 3 0 0 4 30 29 70 70 25 13 8 15 4 5 13 7 16 31 58 11 118 9 0 0 0 4 7 103 118 12 5 17 15 0 9 68 0 0 6 98 118 42 12 2 7 26 22 25 42 24 20 10 113 45 63 2 1 4 2 17 118 15 7 3 24 84 118 51 0 0 0 40 52 89 118 37 6 6 0 10 32 76 94 21 30 17 37 5 3 8 6 79 4 5 10 7 107 89 18 8 0 0 5 9 19 24 61 6 0 3 4 0 0 11 17 2 
3 0 2 46 56 14 45 16 7 1 1 23 26 36 109 78 17 7 1 39 39 26 50 76 74 35 2 1 6 0 0 33 23 1 6 26 91 18 39 54 32 4 18 81 67 8 21 23 45 10 12 16 16 10 29 51 109 38 4 5 6 4 4 83 27 18 28 84 46 6 5 12 58 37 62 109 42 2 8 12 109 77 109 74 9 2 5 6 70 93 103 15 0 1 1 30 13 6 5 109 47 2 3 7 109 45 16 90 20 2 3 14 107 27 32 86 21 0 0 31 22 11 31 8 0 0 0 13 
0 0 0 0 40 35 54 16 2 0 0 4 36 82 77 73 109 2 0 1 39 92 16 32 43 2 0 2 18 73 16 23 1 5 7 4 109 109 32 10 8 6 14 14 22 93 98 101 102 23 0 1 24 79 51 109 109 8 1 6 24 60 29 33 12 12 17 29 98 65 23 1 27 12 19 45 48 34 4 7 89 61 7 3 36 24 11 39 41 57 7 10 30 20 23 41 61 17 16 28 15 8 3 20 32 18 68 109 52 5 0 10 97 47 64 28 6 2 0 12 13 43 20 31 69 4 1 4 
114 19 1 4 13 37 12 6 46 1 0 0 111 114 22 53 114 0 0 0 38 72 10 112 31 0 0 0 60 66 26 20 58 36 3 14 62 67 5 15 39 1 0 0 114 114 1 22 114 0 0 0 28 114 33 114 114 4 0 1 114 85 9 26 9 2 0 0 25 83 59 66 11 0 0 4 78 67 31 11 45 5 3 2 4 26 26 20 96 6 2 4 38 51 15 54 2 0 3 8 4 10 17 4 8 13 1 1 2 9 13 3 23 59 27 14 1 0 1 3 18 17 14 18 3 3 1 1 
49 0 0 0 0 5 3 16 113 7 1 61 57 2 0 18 2 2 3 64 84 2 5 80 1 5 5 1 0 3 53 120 76 19 28 1 4 1 0 3 120 27 18 59 44 0 0 4 2 13 120 120 83 6 2 1 5 34 118 35 0 7 12 9 78 34 48 4 3 0 1 51 120 49 31 8 4 71 52 30 3 4 48 27 4 120 120 5 38 12 23 22 1 41 94 21 22 5 45 47 2 0 6 37 10 3 8 27 11 116 47 28 4 1 3 4 1 67 51 2 63 36 0 0 0 2 15 12 
55 7 0 0 0 10 74 87 79 21 0 0 1 3 2 36 2 2 0 0 2 24 3 0 0 0 0 0 12 49 4 1 138 23 0 0 0 9 22 52 138 25 0 0 13 7 4 34 0 0 0 0 25 54 13 0 1 0 0 2 63 113 19 4 138 9 0 0 0 0 10 93 82 0 0 0 4 55 132 138 3 0 0 0 5 138 138 14 41 9 0 0 6 117 81 27 6 6 1 1 3 1 7 19 9 1 0 0 3 51 99 75 35 24 0 0 0 57 72 12 38 39 3 0 0 3 9 5 
49 15 18 4 0 0 4 14 97 51 95 63 0 4 17 32 104 56 78 39 0 0 3 24 29 13 22 4 0 0 0 7 114 40 28 60 5 0 0 17 114 87 97 53 0 0 0 27 47 44 91 27 16 1 0 5 5 3 10 12 5 0 0 0 69 41 14 99 50 8 33 58 109 47 3 9 3 5 90 114 10 2 2 4 19 16 103 68 0 0 3 7 8 1 5 16 13 0 1 15 24 5 20 63 44 2 2 14 28 5 78 103 32 1 2 14 51 9 89 114 15 0 0 3 5 1 15 114 
1 0 0 7 16 32 38 17 1 0 9 43 8 53 121 19 14 5 14 76 11 20 98 40 32 17 12 7 2 0 1 18 0 0 0 0 8 140 140 20 4 0 0 0 0 105 140 34 140 21 4 1 1 21 118 99 74 30 18 8 2 0 1 10 0 1 53 34 13 44 24 3 17 27 17 8 2 1 17 15 140 50 11 0 0 0 11 118 79 6 0 2 4 2 17 98 0 0 22 17 24 38 3 0 32 21 41 6 3 2 0 10 93 71 15 0 0 0 0 26 102 32 0 0 0 0 0 21 
0 3 0 0 0 11 20 3 101 48 5 12 4 4 6 11 24 14 5 122 74 0 0 0 0 0 0 38 25 0 0 0 67 49 2 0 0 2 23 39 90 122 21 5 3 2 9 10 15 21 11 113 122 40 3 0 0 0 3 102 95 10 0 0 102 10 0 1 0 0 16 100 61 30 2 1 2 12 122 122 24 18 5 5 46 122 122 30 19 32 69 99 23 18 0 2 3 1 2 1 3 0 9 16 11 0 0 0 1 1 85 46 87 8 0 0 0 3 42 85 56 14 18 17 0 0 18 58 
19 17 25 11 12 12 0 14 35 15 57 94 15 3 12 17 10 21 86 20 23 36 33 6 0 16 83 29 18 4 0 0 55 18 9 9 80 56 3 40 119 37 100 52 7 3 5 64 3 29 119 36 2 38 23 3 0 20 106 75 13 29 68 1 61 58 8 0 17 55 23 12 119 32 4 0 1 11 56 70 4 1 4 38 74 119 57 26 2 4 4 10 50 95 119 8 39 31 0 0 0 19 26 10 46 18 0 0 0 25 119 54 28 11 0 22 61 79 35 81 7 4 4 7 56 48 6 11 
15 9 9 26 11 0 0 4 44 8 0 0 0 0 62 115 108 4 0 0 0 0 70 139 40 1 0 0 0 0 1 21 0 1 16 139 21 0 6 27 26 5 15 40 9 0 1 16 139 23 4 0 0 0 0 79 103 6 0 0 0 0 0 29 54 26 40 99 32 5 16 99 3 67 139 82 26 1 0 0 102 139 139 0 0 0 0 25 66 42 5 0 0 0 1 15 97 64 20 2 0 0 0 2 6 30 90 4 0 2 8 7 1 23 50 1 0 0 5 18 1 3 2 2 0 0 1 4 
21 17 45 9 0 0 0 1 1 3 99 52 0 0 0 0 0 4 65 18 0 0 0 0 0 31 44 0 0 0 0 0 132 27 28 5 0 0 0 26 100 33 132 121 0 1 1 14 0 11 132 132 6 13 2 0 14 96 95 24 4 5 3 11 132 50 0 0 0 0 0 19 132 35 10 6 19 34 7 20 0 0 20 43 37 132 29 0 5 2 6 14 9 53 30 16 132 4 0 0 0 0 0 61 89 8 0 0 66 13 0 48 0 0 0 0 108 68 4 0 0 0 0 0 3 11 11 6 
0 2 3 20 9 0 0 0 19 0 0 11 7 0 1 8 100 28 11 11 0 0 0 17 71 7 6 15 2 0 0 66 0 5 18 39 10 0 0 0 17 2 6 52 20 0 0 0 129 25 20 39 8 0 0 48 110 9 14 129 47 0 0 49 0 9 80 109 15 0 0 0 0 21 129 99 3 0 0 0 129 109 48 39 3 0 0 9 113 17 4 129 42 0 0 11 0 8 123 42 5 0 0 0 0 22 129 84 1 0 0 0 70 68 83 90 0 0 0 0 29 16 3 23 3 0 0 0 
35 3 0 43 91 15 15 14 27 3 7 51 78 25 53 82 67 15 32 38 49 10 35 55 11 0 0 5 38 15 74 40 29 4 1 24 39 85 111 27 54 0 3 59 97 44 59 51 70 3 2 9 68 66 42 77 50 48 40 13 28 13 14 12 11 1 18 66 13 38 48 13 60 55 88 41 7 14 21 25 17 31 100 91 2 9 27 33 111 64 35 17 7 1 0 26 10 1 29 111 43 0 0 1 111 45 30 50 17 0 0 33 41 37 70 111 0 0 0 3 30 52 53 14 2 0 0 4 
19 52 32 3 0 5 4 5 38 129 87 7 0 0 0 16 2 43 129 42 0 0 0 0 0 80 59 0 0 3 2 0 39 16 2 0 0 44 55 50 129 17 6 1 0 8 15 129 31 11 35 4 0 81 90 12 9 25 8 0 0 43 94 10 35 1 0 0 0 14 9 15 129 0 0 0 0 48 82 127 33 0 0 0 0 129 129 36 129 44 1 0 0 8 69 31 11 3 3 0 0 0 0 2 19 6 4 0 11 24 19 17 50 1 0 0 6 21 18 10 129 14 0 0 0 0 0 11 
1 12 28 35 29 3 0 0 33 133 97 14 0 0 0 0 3 23 109 133 6 0 0 0 6 10 31 68 2 0 0 0 21 15 10 3 9 7 2 20 133 76 17 1 0 1 0 33 48 20 27 133 61 80 2 4 0 1 24 111 77 56 2 0 11 0 0 0 0 17 30 27 126 0 0 0 0 27 85 133 27 0 0 0 13 133 116 31 1 0 0 0 21 119 35 0 1 0 0 0 8 46 16 2 4 0 0 0 0 19 71 64 3 0 0 0 0 55 66 12 6 0 0 0 0 5 8 2 
102 3 9 49 18 0 0 16 3 17 56 101 31 0 0 1 0 53 115 6 2 2 1 0 0 109 55 2 9 0 0 0 115 1 1 21 3 0 2 115 27 46 107 76 5 0 1 69 0 54 115 8 3 11 5 0 0 32 27 1 23 65 25 0 61 1 0 0 0 1 8 92 115 22 10 4 2 3 11 115 0 1 4 12 46 115 42 10 0 0 0 0 8 115 67 0 71 17 0 0 0 0 0 1 115 57 14 14 4 0 0 2 0 1 7 110 112 24 2 1 0 0 0 32 29 15 2 0 
22 1 0 0 13 64 25 26 57 17 0 0 0 1 3 20 48 16 0 0 0 1 0 0 1 0 1 0 2 20 1 0 118 3 0 1 54 117 46 73 125 18 0 0 0 0 9 58 41 6 0 0 1 36 22 12 0 3 0 0 10 125 32 0 125 7 5 14 51 37 1 28 125 3 0 0 0 26 65 121 11 0 0 0 8 99 125 36 28 18 2 2 74 105 45 12 43 17 11 4 38 14 2 17 38 3 2 0 3 85 116 66 1 0 0 0 1 62 125 31 14 0 0 0 7 30 106 51 
37 25 0 0 0 0 0 0 24 68 67 27 3 0 0 1 1 10 94 104 4 0 0 3 6 53 51 4 0 0 0 3 121 44 2 0 0 0 0 5 121 121 116 25 8 1 3 15 0 14 121 121 14 4 1 0 0 49 121 17 3 1 1 0 121 8 0 0 0 0 0 28 121 9 3 5 11 7 61 121 16 12 12 14 21 20 51 52 3 8 12 5 41 65 42 5 57 3 1 0 0 0 0 21 81 2 0 17 6 5 15 81 12 0 0 11 7 65 95 86 0 0 0 0 24 83 69 17 
28 13 13 1 0 0 0 0 12 13 96 55 0 0 0 0 0 3 63 36 0 0 0 0 36 25 30 0 0 0 0 2 128 34 4 0 0 0 0 5 128 78 128 91 0 11 2 3 3 17 128 128 7 39 8 1 14 96 128 10 3 3 11 27 128 18 4 0 0 0 0 42 128 38 0 2 43 53 2 62 1 1 5 20 53 128 35 4 3 7 5 2 9 20 57 49 50 13 15 0 0 0 0 23 87 2 0 0 45 25 19 128 1 0 0 3 73 51 19 11 1 0 0 0 5 3 11 11 
0 0 1 7 3 11 29 0 0 0 7 29 5 34 68 0 3 0 14 91 7 24 57 20 25 17 26 44 3 0 1 5 0 0 0 1 3 143 143 1 0 0 0 1 3 110 143 12 143 2 4 3 0 34 125 139 81 16 43 10 0 0 0 18 24 2 0 8 9 80 46 25 8 0 0 12 20 21 35 26 143 0 0 0 0 0 3 66 143 2 3 3 0 0 0 18 3 0 0 0 0 6 17 10 8 0 0 0 1 8 17 22 143 5 0 0 0 0 0 43 117 0 0 0 0 0 2 24 
0 0 0 0 0 72 58 0 0 0 0 0 0 29 140 20 9 0 0 0 0 0 98 79 10 1 0 0 4 7 1 15 0 0 0 0 14 140 79 0 2 0 0 0 0 43 140 59 140 0 0 0 0 0 90 140 87 0 0 0 10 104 10 37 2 0 0 0 22 85 4 1 19 0 0 0 0 2 6 22 140 28 0 0 2 15 5 31 78 3 0 0 48 140 13 13 1 0 0 0 1 4 0 2 29 4 0 0 0 0 0 7 140 37 0 0 13 37 4 6 13 1 0 0 50 99 3 2 
45 28 5 3 0 0 0 6 42 28 45 37 17 28 32 13 0 0 52 52 24 16 11 4 0 1 23 17 10 1 0 0 96 52 5 0 0 0 0 24 114 114 76 67 7 0 0 22 2 10 114 114 38 11 0 8 0 1 51 71 46 28 3 0 114 35 34 4 0 0 3 54 114 40 12 6 9 38 109 97 4 0 2 47 114 114 72 63 2 1 1 5 63 108 14 0 14 12 32 33 12 4 5 23 7 1 0 51 32 47 114 38 1 0 0 1 12 58 114 44 16 8 1 1 7 18 8 8 
44 11 0 0 6 8 18 55 39 59 8 0 0 54 116 40 45 8 0 0 0 33 124 46 49 23 6 0 0 0 16 24 9 0 15 57 23 10 34 33 24 3 13 22 0 51 124 42 124 4 0 0 0 13 59 79 124 11 4 0 0 0 1 55 12 20 72 75 4 0 8 24 6 24 99 124 4 1 2 5 124 124 89 5 0 0 0 19 124 77 8 1 0 0 2 37 31 9 1 6 2 2 23 45 19 59 51 28 4 6 21 49 55 111 58 0 0 3 5 19 17 37 9 1 0 0 1 5 
38 17 6 0 0 0 0 1 54 31 64 48 0 0 0 4 117 38 46 47 0 0 0 15 19 5 38 117 0 0 0 4 63 41 51 1 0 0 0 2 117 46 58 61 0 0 0 45 117 31 70 109 0 0 0 40 97 8 29 117 0 0 0 43 107 37 39 0 0 0 7 36 69 69 51 4 0 1 22 57 59 16 23 51 3 8 46 43 65 6 3 15 1 2 25 73 24 0 0 0 0 1 44 69 4 1 0 0 0 7 117 105 0 0 0 0 0 18 117 33 1 0 0 0 0 5 112 77 
0 2 2 0 0 0 0 0 45 6 1 0 0 0 0 7 160 1 0 8 4 0 0 75 30 0 0 110 47 0 0 7 0 5 21 0 0 0 0 0 28 14 21 0 0 0 0 2 160 10 2 0 0 0 0 57 93 0 1 65 31 0 0 13 0 4 160 5 0 0 0 0 4 18 160 14 0 0 0 0 160 128 160 4 0 0 0 8 84 17 3 10 4 0 0 9 0 0 101 3 0 0 0 0 0 5 142 6 0 0 0 2 2 22 91 8 2 1 1 0 3 8 5 0 0 0 1 1 
38 26 0 0 0 0 4 27 50 23 36 25 1 0 0 27 4 6 33 50 11 0 1 2 7 23 39 5 1 0 0 2 60 1 0 0 0 0 10 37 138 41 27 32 0 0 0 46 40 26 54 138 18 0 1 5 69 29 31 49 5 1 3 22 50 21 22 0 0 0 0 3 138 16 3 3 0 0 35 138 48 7 11 86 46 101 115 70 10 2 8 25 26 138 83 30 6 6 13 1 4 17 17 6 19 22 13 0 2 21 118 60 1 22 92 0 0 76 138 30 0 6 63 3 0 83 55 0 
36 12 0 0 0 0 0 5 77 69 23 0 0 0 0 4 3 38 83 0 0 0 0 0 0 6 68 6 0 0 0 0 98 59 0 0 0 0 0 4 134 134 93 0 0 0 2 55 3 50 134 0 0 0 7 21 0 23 134 1 0 0 2 2 121 8 0 0 0 0 0 18 134 11 2 0 0 0 24 134 4 9 19 0 0 0 134 134 0 5 22 0 0 0 104 79 61 0 0 0 0 0 0 8 104 0 0 0 0 0 6 41 3 0 0 0 0 0 60 41 5 1 0 0 0 0 56 52 
148 1 0 0 0 0 0 14 92 0 0 0 0 0 1 12 0 0 1 21 6 3 7 2 1 0 0 75 21 1 2 2 148 4 0 0 0 0 0 32 119 0 0 0 0 2 17 35 0 0 0 1 4 21 59 3 0 0 0 25 26 29 60 1 148 8 0 0 0 1 22 83 69 0 0 0 0 87 148 62 0 1 1 0 0 116 148 2 0 0 5 1 1 52 148 4 44 23 8 0 0 0 18 23 5 33 52 4 0 19 91 15 1 77 96 0 0 9 40 2 0 23 110 3 0 4 15 0 
115 13 0 0 0 0 0 14 126 23 7 6 0 0 1 23 39 16 2 15 14 1 1 18 0 1 1 70 61 5 0 1 126 89 0 0 0 0 0 4 126 48 5 14 10 3 5 54 23 0 1 17 18 48 14 39 0 0 0 13 30 126 35 3 87 59 0 0 5 5 11 47 44 17 0 0 14 16 126 126 0 0 0 0 15 126 126 61 0 0 0 0 42 126 22 0 8 0 0 0 7 6 23 80 0 0 1 2 58 27 85 48 2 0 3 6 10 20 125 89 2 0 0 4 29 33 13 15 
3 0 0 0 1 7 18 8 12 2 0 0 0 0 5 16 2 1 0 0 4 1 0 0 3 4 3 6 1 0 0 0 44 0 0 0 13 131 101 74 131 4 0 0 0 2 24 86 6 0 0 0 2 14 15 8 12 5 1 0 0 1 15 14 131 26 3 1 13 119 20 34 131 29 0 0 10 53 22 45 1 0 0 0 19 131 131 36 19 0 0 0 0 24 131 87 67 26 40 15 8 6 11 29 67 18 3 8 21 82 104 91 0 3 5 45 53 131 68 12 50 2 0 4 0 9 89 41 
82 24 0 3 2 2 3 10 47 5 2 1 1 20 122 32 1 4 11 3 1 5 126 35 3 1 1 0 2 9 31 23 50 27 0 6 42 46 37 33 4 1 0 0 85 126 126 26 64 1 0 0 0 6 126 126 126 9 0 0 0 0 23 67 3 0 0 0 8 44 126 44 18 0 0 0 53 111 38 17 126 9 0 0 0 3 2 53 126 10 0 0 0 0 0 17 0 0 0 0 0 6 16 0 8 0 0 0 11 13 4 5 126 1 0 0 0 0 0 50 126 12 0 0 0 0 0 13 
3 0 0 0 0 0 127 64 32 2 2 0 0 0 23 68 1 1 6 4 0 0 0 0 0 0 1 8 0 0 0 0 68 9 20 4 0 0 83 75 140 9 1 0 0 0 12 97 13 1 2 3 1 1 1 0 0 0 0 4 3 2 3 0 78 46 97 82 8 1 10 10 140 51 9 13 2 13 7 14 13 0 0 0 0 120 91 2 5 0 0 0 0 43 140 36 22 3 5 18 36 27 43 31 72 2 1 4 4 96 114 103 0 0 0 0 0 140 126 3 30 1 0 0 0 33 96 41 
88 3 0 0 0 0 1 130 82 6 0 0 0 78 28 33 13 1 0 0 0 130 105 45 39 0 0 0 0 2 17 53 130 10 0 0 0 24 28 42 75 4 0 0 0 130 112 20 115 0 0 0 0 119 71 84 130 0 0 0 0 39 7 66 55 22 6 1 5 26 35 20 2 0 0 0 0 70 48 6 130 3 0 0 0 2 9 28 130 3 0 0 0 86 38 39 0 11 5 1 9 29 4 0 2 5 0 0 1 8 11 1 61 45 0 0 0 1 6 9 29 11 0 0 0 6 10 14 
21 20 7 2 1 0 0 1 5 49 110 10 5 1 0 0 0 95 108 44 10 0 0 0 0 1 62 46 7 0 0 0 124 35 4 0 4 1 0 13 124 124 124 1 0 0 0 14 4 110 124 76 9 0 0 0 0 3 124 124 4 0 0 0 124 48 0 0 2 0 0 17 124 49 0 0 0 0 0 60 50 51 23 3 0 2 3 18 1 4 24 50 16 10 2 0 31 44 0 0 0 0 14 15 85 9 0 0 0 0 15 124 37 0 0 0 0 5 29 96 0 0 0 0 3 12 19 5 
121 5 7 2 14 9 3 25 15 13 121 77 28 13 7 19 9 7 105 121 1 0 0 1 14 2 3 24 14 16 5 11 121 13 1 0 4 27 35 34 98 14 27 14 0 15 53 121 11 3 27 121 54 86 42 55 12 2 1 57 111 57 6 0 65 25 0 0 4 23 24 24 44 37 18 7 35 41 71 90 5 0 0 0 23 121 121 50 19 3 0 0 21 64 32 11 64 28 0 0 6 21 5 8 47 29 4 13 108 93 4 10 10 0 0 0 38 32 14 12 20 1 0 0 2 3 1 17 
133 0 0 0 0 0 0 47 144 7 0 0 0 0 0 35 12 6 0 0 0 0 0 1 3 6 0 0 0 0 0 0 144 2 0 0 0 0 3 76 144 9 0 0 0 0 4 81 11 13 0 0 0 1 29 7 4 18 0 0 0 26 36 2 144 30 0 0 0 1 10 27 144 35 0 0 0 70 143 59 2 1 0 0 0 102 144 10 1 3 0 0 0 97 144 4 70 21 0 0 0 2 10 17 23 5 0 0 0 72 79 18 0 13 3 0 0 54 58 0 3 15 1 0 0 5 25 1 
5 18 10 17 55 17 47 33 25 68 33 75 12 51 39 32 14 5 29 127 13 21 12 98 75 9 7 3 0 0 0 127 127 82 18 6 17 6 22 30 79 127 71 57 0 0 0 0 3 13 127 127 1 0 0 2 81 74 127 30 0 0 0 25 127 71 0 2 3 2 0 56 125 32 2 0 0 0 0 19 2 0 28 16 0 0 1 3 2 10 43 5 0 0 0 1 97 49 38 7 0 0 0 41 81 20 3 0 0 0 1 30 0 0 0 0 0 0 5 10 0 0 0 0 0 0 1 3 
0 71 19 13 52 1 0 0 2 121 74 4 1 0 0 0 0 51 80 121 59 0 0 0 52 11 7 52 22 0 0 4 41 95 15 23 39 3 4 37 80 110 10 1 2 3 5 43 3 7 10 107 50 11 12 2 14 17 104 107 12 1 0 3 51 0 0 39 49 14 7 39 109 0 0 0 0 74 92 78 99 6 4 2 2 53 91 46 21 7 35 7 34 69 0 1 11 0 0 4 64 26 12 15 52 0 0 0 0 115 57 28 121 3 0 0 4 21 17 22 19 0 0 0 64 91 0 2 
9 12 9 9 66 14 20 13 112 73 27 49 49 9 9 13 103 33 2 0 0 0 5 12 2 0 0 0 0 1 3 6 18 25 10 7 38 66 54 42 62 62 46 11 0 5 29 105 21 14 4 0 0 1 28 29 0 0 0 0 1 7 18 17 36 3 0 1 41 126 42 54 126 12 0 0 10 51 31 126 12 0 0 0 12 80 126 46 0 0 0 0 10 79 95 78 54 12 0 1 55 26 1 4 126 46 0 0 32 99 37 22 4 0 0 0 46 123 83 21 7 0 0 0 7 71 56 77 
64 25 8 0 2 2 11 17 82 46 76 71 25 5 3 11 11 14 38 78 18 9 46 23 3 13 18 19 4 10 44 4 104 11 10 14 1 0 4 23 131 23 17 64 12 0 0 36 6 26 74 131 45 9 0 0 7 24 35 32 100 38 2 10 94 4 4 27 30 31 6 20 131 25 1 5 9 37 49 95 6 3 5 24 67 131 79 5 1 15 10 5 78 129 39 2 27 9 0 0 2 17 23 20 41 38 17 6 4 39 97 78 3 15 25 5 8 109 91 6 9 39 22 1 2 35 24 6 
31 31 41 12 1 1 2 11 21 30 70 75 7 0 5 7 114 40 6 4 0 0 0 57 92 15 1 0 0 0 0 25 63 15 5 5 0 1 14 72 114 39 95 107 7 1 21 76 106 114 114 42 0 0 1 12 71 46 1 0 0 1 16 6 71 6 7 4 1 0 0 31 114 67 8 3 4 12 55 91 13 19 36 5 5 34 114 82 3 4 2 0 0 3 95 51 7 30 75 23 0 0 0 10 21 5 51 63 16 5 74 93 43 7 8 5 2 20 70 84 15 10 34 9 0 0 29 48 
58 116 8 0 0 0 7 8 68 124 1 0 0 9 124 38 19 14 1 0 0 70 124 39 60 0 0 0 3 20 54 46 18 43 12 0 2 3 9 7 5 1 0 0 19 124 99 9 124 3 0 0 2 98 110 44 124 4 0 0 3 29 29 67 0 8 19 6 30 41 0 0 1 1 1 1 69 120 0 0 124 5 1 0 4 12 0 44 124 0 0 0 0 6 18 101 0 0 1 1 13 88 5 0 0 0 0 0 18 41 5 0 38 0 0 0 0 0 7 29 54 0 0 0 0 1 17 63 
49 25 23 15 0 0 0 0 97 37 24 122 25 0 0 1 41 3 0 77 28 1 0 39 28 6 3 7 8 1 0 10 98 52 68 55 0 0 0 2 122 31 29 122 51 0 0 4 12 34 28 122 85 0 0 8 20 48 39 19 12 4 0 8 122 43 34 51 0 0 0 20 105 16 30 110 23 0 3 50 9 20 74 122 31 2 2 34 0 31 43 48 79 21 0 0 70 11 4 4 1 0 2 42 10 0 1 51 71 10 31 65 0 0 5 19 45 32 54 122 0 0 0 6 52 78 8 1 
47 3 0 0 0 0 2 18 23 37 26 17 13 5 7 16 25 30 121 38 1 0 0 8 99 16 17 13 0 0 0 46 71 11 0 0 0 1 2 32 121 121 27 0 0 0 4 27 4 94 121 82 13 1 16 11 21 1 13 121 56 3 7 89 107 10 0 0 0 3 1 13 121 34 0 0 0 0 121 105 2 6 1 9 6 4 121 72 2 0 0 39 121 69 86 22 32 7 0 0 0 0 1 7 18 1 0 0 0 2 69 27 0 0 0 0 0 3 116 27 0 0 0 0 12 38 58 3 
3 0 0 0 0 0 0 3 38 1 0 0 0 0 0 9 169 2 0 0 0 0 0 28 61 0 0 2 0 0 0 7 2 12 26 0 0 0 0 0 36 17 43 0 0 0 0 2 169 14 9 0 0 0 0 53 94 2 0 3 1 0 2 33 0 28 169 4 0 0 4 5 3 23 169 27 0 0 0 0 127 85 169 5 0 0 1 37 70 28 15 0 0 0 3 63 0 1 54 2 0 0 84 108 0 1 96 12 0 0 59 91 1 15 109 3 0 0 12 18 7 18 24 2 0 0 1 0 
19 28 93 19 2 3 0 0 122 105 17 0 2 95 52 4 53 15 2 0 1 96 85 95 46 1 0 0 0 0 2 43 9 13 79 11 18 126 38 22 13 13 12 0 4 126 126 23 126 2 0 0 0 41 33 105 126 4 0 0 0 3 33 51 11 0 0 0 14 126 36 30 30 6 0 0 1 25 12 25 126 28 0 0 0 3 21 49 70 4 1 0 0 35 126 42 3 0 0 2 5 4 7 4 44 10 0 0 0 0 0 13 52 44 9 0 0 1 3 7 2 13 16 0 0 5 8 1 
3 20 2 29 81 0 0 0 12 127 107 41 18 0 0 0 9 80 127 25 2 0 0 0 60 54 27 5 11 2 0 1 52 37 2 36 56 0 0 8 127 127 48 105 55 3 9 105 15 68 88 78 87 15 6 16 33 39 20 13 72 15 0 0 18 4 0 23 36 23 14 22 127 6 0 10 65 33 24 127 51 5 7 4 78 24 18 51 11 10 9 4 37 9 1 6 3 0 0 0 9 35 47 25 127 17 0 0 35 48 5 25 55 1 1 0 32 23 2 50 3 1 1 2 7 1 2 6 
18 47 27 7 12 0 0 0 50 49 42 49 0 0 0 4 34 31 7 114 50 0 0 2 68 26 4 47 28 0 0 1 15 34 36 33 39 2 0 13 118 53 50 42 27 0 0 53 18 34 37 95 85 7 8 0 102 5 2 83 104 0 0 42 23 11 4 7 42 43 42 18 118 64 1 12 68 36 22 49 35 8 1 18 118 73 29 27 69 0 0 17 118 24 3 62 6 0 0 0 0 13 75 34 39 3 0 0 2 35 118 93 0 0 0 0 15 75 118 34 11 0 0 2 71 31 23 29 
3 3 0 0 12 38 3 0 8 50 56 5 10 9 2 0 4 23 76 28 3 2 0 0 0 2 39 17 4 3 0 0 56 10 0 0 9 32 2 3 134 134 90 1 0 0 0 5 12 32 134 100 0 0 0 3 0 24 134 49 0 1 1 0 90 4 0 1 13 3 0 6 134 22 2 0 0 0 4 120 40 8 36 20 2 11 17 108 0 6 53 13 9 120 35 0 32 5 4 3 3 0 0 5 60 2 0 0 0 1 27 131 17 0 0 0 1 27 93 128 0 0 0 0 30 134 37 1 
43 0 0 0 2 21 23 47 48 7 4 32 10 19 18 52 14 13 41 66 7 0 1 17 72 3 9 15 4 1 10 85 56 5 0 2 5 2 14 61 121 121 28 10 1 2 5 21 9 50 121 60 6 0 0 0 7 2 49 87 18 9 15 22 97 17 1 14 9 0 1 32 121 101 9 6 0 0 104 120 6 14 63 22 18 109 121 47 1 0 8 19 29 111 43 30 18 4 11 31 15 0 2 12 15 3 13 11 0 2 121 66 0 0 7 6 0 43 121 32 0 0 1 1 0 22 74 36 
0 0 0 2 12 0 0 0 5 2 0 0 3 1 1 1 5 0 0 0 0 1 0 2 3 0 0 0 0 0 0 1 0 0 0 4 37 24 1 0 39 0 0 0 16 62 44 54 15 0 0 0 1 5 3 15 6 0 0 0 0 1 0 7 0 0 0 0 133 115 11 2 133 3 0 0 120 133 18 133 63 0 0 0 1 33 70 37 20 0 0 0 8 25 26 28 6 0 0 0 133 85 27 48 133 36 0 0 127 122 15 21 63 0 0 0 16 120 133 72 87 0 0 0 34 33 40 42 
96 16 6 3 1 0 0 16 131 64 0 0 9 131 41 47 52 6 2 11 17 131 113 90 67 13 40 61 6 5 8 41 40 15 12 8 13 10 11 15 61 6 0 0 7 131 111 48 131 6 0 0 4 90 20 64 131 7 6 6 4 131 83 76 1 28 14 9 44 24 4 0 0 11 2 1 17 22 9 0 63 18 2 0 0 8 18 30 35 11 4 1 24 91 63 34 0 16 10 17 89 14 0 0 0 4 2 4 18 9 0 0 23 12 4 1 3 15 13 4 7 4 0 0 11 41 14 1 
44 21 0 0 0 0 0 0 135 134 0 0 0 135 34 19 135 12 0 0 4 135 59 103 40 0 0 0 36 135 7 12 75 32 0 0 0 6 4 4 86 31 0 0 9 135 38 31 135 0 0 0 6 135 66 110 15 0 0 0 16 135 37 21 28 13 0 0 0 31 10 2 21 1 0 0 7 84 11 5 58 0 0 0 1 38 34 30 16 0 0 0 0 22 14 20 1 1 0 0 3 24 1 0 6 0 0 0 1 14 1 2 8 0 0 0 0 8 13 6 17 0 0 0 0 2 3 14 
96 119 0 0 0 5 2 1 40 88 0 0 0 79 66 4 5 0 0 0 0 33 119 49 15 0 0 0 0 0 12 45 119 85 0 0 0 109 50 13 8 6 0 0 0 119 119 5 70 0 0 0 0 27 118 119 94 0 0 0 0 0 8 119 22 4 0 0 0 104 62 13 3 0 0 0 0 48 32 11 70 0 0 0 0 0 8 78 119 0 0 0 0 0 5 119 2 0 0 0 0 4 6 3 8 0 0 0 0 0 0 5 22 0 0 0 0 0 0 22 119 0 0 0 0 0 0 29 
2 5 14 3 0 0 0 0 19 32 31 0 0 0 0 2 134 50 12 0 0 0 0 49 98 2 0 0 0 0 0 25 14 22 100 31 0 0 0 1 39 42 70 27 1 3 7 26 134 106 23 0 0 1 3 81 117 27 0 1 0 0 0 10 0 104 134 50 0 0 0 0 3 5 134 134 1 2 3 9 134 79 134 43 0 0 1 53 113 27 5 4 0 0 0 8 0 22 21 10 0 0 0 0 0 1 66 49 0 0 0 0 8 29 117 22 0 0 0 0 15 21 9 0 0 0 0 0 
1 23 29 4 0 0 0 0 5 53 116 3 0 0 1 7 19 9 87 37 2 1 24 52 12 0 1 7 3 14 53 23 83 73 11 0 0 0 0 4 92 116 116 9 0 0 0 16 2 11 116 116 93 1 0 2 22 2 1 54 89 1 1 10 116 12 0 0 2 0 2 22 116 6 0 0 0 0 46 116 3 1 0 20 116 116 60 36 19 2 0 8 116 44 0 5 20 3 0 0 1 1 27 20 9 2 0 0 2 10 116 48 5 14 8 2 10 83 116 12 4 7 11 3 12 23 1 0 
5 0 0 2 22 1 0 11 1 6 2 2 14 2 0 0 4 3 1 3 106 71 2 0 85 8 0 0 34 56 7 5 103 0 0 1 18 8 1 48 1 2 0 2 18 18 7 0 12 3 6 9 131 120 3 0 80 8 6 6 41 53 23 21 131 1 0 0 3 44 128 39 0 0 0 0 9 82 131 11 1 1 3 13 102 131 56 5 3 5 5 13 56 40 9 3 17 0 0 0 0 33 131 34 1 0 0 0 0 15 131 74 47 5 0 0 2 38 131 75 45 14 1 18 59 3 2 11 
113 12 2 0 0 0 0 37 59 28 54 40 0 0 0 7 8 21 36 18 0 0 0 4 2 5 15 4 0 0 0 3 129 22 10 5 0 0 0 29 129 20 22 89 9 0 0 28 5 2 15 129 17 0 1 8 5 1 16 11 0 0 1 14 81 76 129 81 3 0 0 0 129 47 17 14 8 59 63 26 1 0 12 87 13 39 129 63 0 0 20 48 4 1 12 26 0 2 43 35 35 56 0 0 1 3 8 4 36 129 26 2 10 10 15 2 3 94 107 101 37 4 5 7 2 0 17 122 
42 8 0 0 22 56 10 15 133 44 6 1 0 3 3 40 42 18 48 7 0 6 16 6 0 8 34 4 0 3 32 16 97 14 1 1 16 26 4 11 133 43 0 0 5 8 0 16 18 8 0 0 40 128 46 3 0 0 0 0 4 75 133 16 59 0 0 0 2 5 22 61 133 0 0 0 8 14 70 133 5 0 0 0 122 133 92 24 3 1 5 7 36 81 40 10 7 0 0 0 0 1 17 37 4 0 0 0 0 9 107 96 0 0 0 0 3 70 133 24 3 0 2 2 1 24 37 47 
113 2 0 0 0 0 8 78 115 3 0 0 0 0 2 52 2 0 0 0 0 0 5 13 1 1 0 0 0 0 0 6 133 16 0 0 0 0 0 68 133 15 0 0 0 0 3 94 14 1 0 0 0 0 13 19 7 4 0 0 1 0 2 12 88 133 11 0 3 2 0 1 132 72 1 0 9 62 133 31 2 0 0 0 0 14 133 31 1 0 0 0 0 0 133 67 5 104 26 9 35 13 0 0 1 9 2 20 103 98 43 1 0 0 0 1 2 18 125 7 0 0 0 0 0 2 105 20 
60 70 39 33 26 4 0 0 34 12 15 44 50 3 6 21 121 2 0 0 0 0 12 107 17 0 0 0 0 1 35 28 121 26 6 12 72 75 11 28 11 0 1 15 111 82 17 10 121 12 0 0 0 4 35 106 9 1 0 0 0 45 121 49 76 4 2 6 57 44 10 56 14 19 44 20 82 46 5 10 94 40 63 4 2 18 26 30 0 2 49 21 4 69 41 2 16 91 39 1 1 6 8 15 0 94 121 8 8 2 1 0 5 57 121 6 0 0 0 0 0 3 121 30 0 0 0 0 
13 7 4 27 2 0 3 19 91 61 17 3 0 0 0 47 77 13 15 14 6 0 0 33 1 1 6 37 12 0 0 2 38 68 45 122 7 0 0 2 115 122 80 53 0 0 0 1 32 23 74 118 1 0 1 16 5 17 33 32 4 0 1 3 79 23 19 102 27 0 1 29 122 52 9 35 15 1 19 122 8 10 15 122 10 1 24 38 11 13 17 43 13 7 1 3 50 11 5 62 60 0 1 14 12 0 0 42 93 19 85 122 0 0 0 12 6 9 122 122 0 0 0 10 9 24 43 30 
14 8 0 0 3 49 22 8 39 37 1 0 4 21 25 31 14 38 2 0 4 16 7 9 0 1 0 0 2 4 13 37 22 1 0 1 19 119 29 26 119 12 0 0 0 17 28 62 20 1 0 0 15 36 21 11 21 0 0 0 28 85 45 44 54 4 0 1 17 51 75 73 119 22 0 0 16 49 100 74 4 0 0 0 34 119 119 113 117 12 0 0 60 119 15 26 39 25 17 27 4 7 22 29 60 32 6 5 88 73 43 58 7 0 0 0 36 68 113 102 106 50 0 0 3 32 14 15 
11 48 10 0 0 0 0 1 2 44 125 13 0 0 1 1 1 11 142 19 0 0 2 11 4 6 91 4 0 0 2 49 121 57 7 0 0 0 0 9 142 133 142 18 0 0 0 13 3 36 142 88 0 0 0 0 0 46 142 13 0 0 0 0 116 4 4 1 0 0 0 27 142 15 6 0 0 0 0 94 37 11 48 15 0 0 0 8 0 15 44 6 0 0 0 0 45 15 2 0 0 0 0 3 142 10 0 0 0 0 0 52 61 0 0 0 0 0 0 17 0 0 0 0 0 0 0 0 
4 10 5 90 67 6 4 3 117 104 15 56 26 0 0 0 30 7 0 0 11 11 0 1 4 0 0 0 1 16 11 12 41 2 11 34 16 21 20 70 68 50 34 31 12 3 8 16 10 1 0 0 45 64 0 1 51 0 0 0 25 98 32 39 48 0 0 0 1 21 82 117 5 1 1 0 1 12 117 117 0 0 0 0 88 117 25 42 117 0 0 0 53 117 17 38 2 0 0 0 0 21 63 25 0 0 0 0 0 8 102 117 1 0 0 0 24 117 79 72 105 4 0 0 15 43 0 8 
